0 0.2623697916666667 0.42592592592592593 0.029947916666666668 0.032407407407407406
0 0.2760416666666667 0.3136574074074074 0.028645833333333332 0.05324074074074074
0 0.3580729166666667 0.13541666666666666 0.026041666666666668 0.04861111111111111
0 0.4583333333333333 0.03819444444444445 0.028645833333333332 0.04861111111111111
0 0.583984375 0.04050925925925926 0.029947916666666668 0.05324074074074074
0 0.681640625 0.13541666666666666 0.022135416666666668 0.07175925925925926
0 0.763671875 0.4895833333333333 0.032552083333333336 0.02546296296296296
0 0.7610677083333334 0.5185185185185185 0.037760416666666664 0.023148148148148147
0 0.734375 0.7094907407407407 0.033854166666666664 0.04398148148148148
0 0.6458333333333334 0.8946759259259259 0.036458333333333336 0.05324074074074074
0 0.5455729166666666 0.96875 0.018229166666666668 0.04398148148148148
0 0.4348958333333333 0.9490740740740741 0.026041666666666668 0.05555555555555555
0 0.3346354166666667 0.84375 0.03125 0.05787037037037037
0 0.2721354166666667 0.6516203703703703 0.049479166666666664 0.04398148148148148