0 0.4739583333333333 0.034722222222222224 0.028645833333333332 0.05555555555555555
0 0.5983072916666666 0.056712962962962965 0.029947916666666668 0.04861111111111111
0 0.6569010416666666 0.1099537037037037 0.032552083333333336 0.05324074074074074
0 0.7395833333333334 0.30787037037037035 0.020833333333333332 0.041666666666666664
0 0.7610677083333334 0.5115740740740741 0.02734375 0.032407407407407406
0 0.73046875 0.7280092592592593 0.028645833333333332 0.04398148148148148
0 0.6575520833333334 0.8796296296296297 0.018229166666666668 0.05555555555555555
0 0.3580729166666667 0.11689814814814815 0.0234375 0.05324074074074074
0 0.287109375 0.2881944444444444 0.022135416666666668 0.04861111111111111
0 0.2604166666666667 0.47800925925925924 0.018229166666666668 0.04861111111111111
0 0.27734375 0.6666666666666666 0.036458333333333336 0.037037037037037035
0 0.3470052083333333 0.8645833333333334 0.016927083333333332 0.04861111111111111
0 0.4557291666666667 0.9664351851851852 0.013020833333333334 0.05787037037037037
0 0.4453125 0.9641203703703703 0.013020833333333334 0.04398148148148148