0 0.3209635416666667 0.18518518518518517 0.024739583333333332 0.05555555555555555
0 0.2708333333333333 0.3587962962962963 0.020833333333333332 0.05555555555555555
0 0.2578125 0.5567129629629629 0.020833333333333332 0.034722222222222224
0 0.3033854166666667 0.7754629629629629 0.028645833333333332 0.037037037037037035
0 0.4108072916666667 0.0625 0.022135416666666668 0.05555555555555555
0 0.5436197916666666 0.02546296296296296 0.029947916666666668 0.041666666666666664
0 0.6614583333333334 0.12037037037037036 0.0234375 0.041666666666666664
0 0.7057291666666666 0.1909722222222222 0.026041666666666668 0.0625
0 0.7623697916666666 0.4224537037037037 0.029947916666666668 0.03009259259259259
0 0.7526041666666666 0.6331018518518519 0.028645833333333332 0.02546296296296296
0 0.693359375 0.8229166666666666 0.01953125 0.04861111111111111
0 0.599609375 0.9421296296296297 0.02734375 0.046296296296296294
0 0.3938802083333333 0.9178240740740741 0.01171875 0.05324074074074074
0 0.37890625 0.9120370370370371 0.018229166666666668 0.037037037037037035