0 0.314453125 0.20717592592592593 0.037760416666666664 0.04398148148148148
0 0.26953125 0.42592592592592593 0.049479166666666664 0.037037037037037035
0 0.2571614583333333 0.5428240740740741 0.022135416666666668 0.0625
0 0.296875 0.7546296296296297 0.03125 0.06481481481481481
0 0.392578125 0.9166666666666666 0.040364583333333336 0.05092592592592592
0 0.5013020833333334 0.9675925925925926 0.0390625 0.046296296296296294
0 0.6100260416666666 0.9259259259259259 0.024739583333333332 0.05555555555555555
0 0.6966145833333334 0.8136574074074074 0.03125 0.04398148148148148
0 0.7571614583333334 0.5983796296296297 0.02734375 0.04398148148148148
0 0.7604166666666666 0.4050925925925926 0.0390625 0.037037037037037035
0 0.755859375 0.3761574074074074 0.022135416666666668 0.034722222222222224
0 0.6282552083333334 0.06828703703703703 0.024739583333333332 0.0625
0 0.51953125 0.02199074074074074 0.028645833333333332 0.04398148148148148
0 0.400390625 0.08101851851851852 0.032552083333333336 0.05555555555555555