0 0.29296875 0.2604166666666667 0.033854166666666664 0.034722222222222224
0 0.2604166666666667 0.4305555555555556 0.026041666666666668 0.041666666666666664
0 0.2734375 0.6770833333333334 0.033854166666666664 0.034722222222222224
0 0.5338541666666666 0.9699074074074074 0.033854166666666664 0.05092592592592592
0 0.6393229166666666 0.9039351851851852 0.028645833333333332 0.04398148148148148
0 0.7291666666666666 0.7314814814814815 0.036458333333333336 0.05555555555555555
0 0.7565104166666666 0.5358796296296297 0.028645833333333332 0.04398148148148148
0 0.740234375 0.2986111111111111 0.029947916666666668 0.041666666666666664
0 0.705078125 0.20023148148148148 0.032552083333333336 0.05324074074074074
0 0.6022135416666666 0.04976851851851852 0.029947916666666668 0.05787037037037037
0 0.47265625 0.028935185185185185 0.03125 0.05324074074074074
0 0.369140625 0.11342592592592593 0.029947916666666668 0.05092592592592592
0 0.3248697916666667 0.8333333333333334 0.03515625 0.023148148148148147
0 0.33984375 0.8634259259259259 0.018229166666666668 0.027777777777777776