0 0.5631510416666666 0.032407407407407406 0.01171875 0.06481481481481481
0 0.5455729166666666 0.027777777777777776 0.018229166666666668 0.05555555555555555
0 0.6640625 0.10648148148148148 0.015625 0.08333333333333333
0 0.7447916666666666 0.29976851851851855 0.028645833333333332 0.0625
0 0.7591145833333334 0.4965277777777778 0.028645833333333332 0.04861111111111111
0 0.7389322916666666 0.6990740740740741 0.029947916666666668 0.037037037037037035
0 0.66796875 0.8634259259259259 0.028645833333333332 0.05092592592592592
0 0.5494791666666666 0.9675925925925926 0.0234375 0.06018518518518518
0 0.4205729166666667 0.9467592592592593 0.0234375 0.06944444444444445
0 0.3697916666666667 0.8900462962962963 0.018229166666666668 0.0625
0 0.2845052083333333 0.7037037037037037 0.029947916666666668 0.05555555555555555
0 0.2604166666666667 0.5115740740740741 0.033854166666666664 0.05092592592592592
0 0.2838541666666667 0.2974537037037037 0.026041666666666668 0.05787037037037037
0 0.3450520833333333 0.13773148148148148 0.03125 0.05324074074074074