0 0.310546875 0.21180555555555555 0.022135416666666668 0.07175925925925926
0 0.4153645833333333 0.07291666666666667 0.033854166666666664 0.04861111111111111
0 0.51953125 0.02662037037037037 0.033854166666666664 0.05324074074074074
0 0.6282552083333334 0.06828703703703703 0.01953125 0.06712962962962964
0 0.7154947916666666 0.20717592592592593 0.022135416666666668 0.05324074074074074
0 0.7552083333333334 0.4444444444444444 0.028645833333333332 0.037037037037037035
0 0.7434895833333334 0.6759259259259259 0.036458333333333336 0.023148148148148147
0 0.71484375 0.7673611111111112 0.03125 0.03935185185185185
0 0.6100260416666666 0.9178240740740741 0.01953125 0.07175925925925926
0 0.4986979166666667 0.9641203703703703 0.03125 0.04398148148148148
0 0.3802083333333333 0.9097222222222222 0.0234375 0.06018518518518518
0 0.2994791666666667 0.7800925925925926 0.020833333333333332 0.05555555555555555
0 0.2604166666666667 0.4085648148148148 0.036458333333333336 0.02546296296296296
0 0.2643229166666667 0.38425925925925924 0.033854166666666664 0.032407407407407406