0 0.3079427083333333 0.20601851851851852 0.024739583333333332 0.05555555555555555
0 0.3489583333333333 0.13541666666666666 0.020833333333333332 0.05324074074074074
0 0.4739583333333333 0.037037037037037035 0.03125 0.046296296296296294
0 0.5846354166666666 0.04398148148148148 0.028645833333333332 0.06481481481481481
0 0.6920572916666666 0.16203703703703703 0.02734375 0.05555555555555555
0 0.7486979166666666 0.33912037037037035 0.036458333333333336 0.03935185185185185
0 0.2610677083333333 0.42824074074074076 0.045572916666666664 0.027777777777777776
0 0.2708333333333333 0.6620370370370371 0.028645833333333332 0.06018518518518518
0 0.3294270833333333 0.8356481481481481 0.026041666666666668 0.06018518518518518
0 0.421875 0.9409722222222222 0.026041666666666668 0.0625
0 0.5305989583333334 0.9675925925925926 0.02734375 0.05092592592592592
0 0.650390625 0.8888888888888888 0.032552083333333336 0.037037037037037035
0 0.7330729166666666 0.7141203703703703 0.0234375 0.04398148148148148
0 0.720703125 0.7534722222222222 0.04296875 0.04398148148148148