0 0.5709635416666666 0.04282407407407408 0.014322916666666666 0.05787037037037037
0 0.451171875 0.047453703703703706 0.032552083333333336 0.05324074074074074
0 0.2838541666666667 0.2800925925925926 0.028645833333333332 0.046296296296296294
0 0.2565104166666667 0.4652777777777778 0.03125 0.041666666666666664
0 0.2760416666666667 0.6851851851851852 0.026041666666666668 0.037037037037037035
0 0.3404947916666667 0.84375 0.022135416666666668 0.0625
0 0.4602864583333333 0.9571759259259259 0.016927083333333332 0.05787037037037037
0 0.51953125 0.9710648148148148 0.0234375 0.05787037037037037
0 0.6432291666666666 0.8958333333333334 0.020833333333333332 0.06944444444444445
0 0.7337239583333334 0.7222222222222222 0.022135416666666668 0.05555555555555555
0 0.759765625 0.5277777777777778 0.029947916666666668 0.041666666666666664
0 0.7434895833333334 0.32407407407407407 0.026041666666666668 0.05555555555555555
0 0.68359375 0.15856481481481483 0.018229166666666668 0.05787037037037037