0 0.4921875 0.020833333333333332 0.018229166666666668 0.041666666666666664
0 0.4759114583333333 0.028935185185185185 0.016927083333333332 0.03009259259259259
0 0.302734375 0.22685185185185186 0.024739583333333332 0.046296296296296294
0 0.2610677083333333 0.4039351851851852 0.02734375 0.0625
0 0.263671875 0.6296296296296297 0.024739583333333332 0.06018518518518518
0 0.3170572916666667 0.7997685185185185 0.022135416666666668 0.04398148148148148
0 0.4303385416666667 0.9375 0.016927083333333332 0.06018518518518518
0 0.4895833333333333 0.9699074074074074 0.0234375 0.05092592592592592
0 0.6100260416666666 0.9328703703703703 0.045572916666666664 0.05092592592592592
0 0.716796875 0.7766203703703703 0.02734375 0.07175925925925926
0 0.75390625 0.5833333333333334 0.026041666666666668 0.06018518518518518
0 0.7526041666666666 0.375 0.0234375 0.06018518518518518
0 0.7044270833333334 0.2013888888888889 0.020833333333333332 0.06018518518518518
0 0.5989583333333334 0.05555555555555555 0.0234375 0.06481481481481481