0 0.2799479166666667 0.3136574074074074 0.03125 0.04398148148148148
0 0.2591145833333333 0.5185185185185185 0.03125 0.041666666666666664
0 0.2766927083333333 0.7071759259259259 0.032552083333333336 0.05324074074074074
0 0.349609375 0.8634259259259259 0.032552083333333336 0.06481481481481481
0 0.462890625 0.9641203703703703 0.01953125 0.05324074074074074
0 0.3541666666666667 0.12384259259259259 0.018229166666666668 0.05324074074074074
0 0.4674479166666667 0.027777777777777776 0.028645833333333332 0.05555555555555555
0 0.533203125 0.028935185185185185 0.040364583333333336 0.04398148148148148
0 0.6614583333333334 0.11689814814814815 0.026041666666666668 0.05324074074074074
0 0.7330729166666666 0.2743055555555556 0.026041666666666668 0.04861111111111111
0 0.7610677083333334 0.5011574074074074 0.03515625 0.03935185185185185
0 0.7408854166666666 0.7002314814814815 0.036458333333333336 0.03009259259259259
0 0.5885416666666666 0.9537037037037037 0.013020833333333334 0.08333333333333333
0 0.572265625 0.9583333333333334 0.01953125 0.046296296296296294