0 0.3567708333333333 0.12037037037037036 0.015625 0.06018518518518518
0 0.4720052083333333 0.03009259259259259 0.02734375 0.05555555555555555
0 0.5872395833333334 0.05092592592592592 0.018229166666666668 0.05555555555555555
0 0.677734375 0.1527777777777778 0.024739583333333332 0.05555555555555555
0 0.7408854166666666 0.32060185185185186 0.026041666666666668 0.04861111111111111
0 0.751953125 0.5613425925925926 0.029947916666666668 0.03009259259259259
0 0.7115885416666666 0.7685185185185185 0.022135416666666668 0.05555555555555555
0 0.6705729166666666 0.8645833333333334 0.036458333333333336 0.03935185185185185
0 0.5501302083333334 0.9606481481481481 0.022135416666666668 0.06018518518518518
0 0.4329427083333333 0.9525462962962963 0.01953125 0.05324074074074074
0 0.3287760416666667 0.8391203703703703 0.032552083333333336 0.04861111111111111
0 0.2734375 0.6782407407407407 0.03125 0.05092592592592592
0 0.279296875 0.3020833333333333 0.02734375 0.034722222222222224
0 0.2877604166666667 0.27546296296296297 0.026041666666666668 0.037037037037037035