0 0.3294270833333333 0.16319444444444445 0.033854166666666664 0.04398148148148148
0 0.4407552083333333 0.046296296296296294 0.024739583333333332 0.05092592592592592
0 0.5703125 0.03819444444444445 0.0234375 0.04398148148148148
0 0.623046875 0.0763888888888889 0.032552083333333336 0.037037037037037035
0 0.7317708333333334 0.25 0.033854166666666664 0.041666666666666664
0 0.7604166666666666 0.45717592592592593 0.0390625 0.034722222222222224
0 0.74609375 0.6770833333333334 0.033854166666666664 0.034722222222222224
0 0.6861979166666666 0.8402777777777778 0.026041666666666668 0.037037037037037035
0 0.373046875 0.9016203703703703 0.022135416666666668 0.05324074074074074
0 0.2825520833333333 0.7164351851851852 0.036458333333333336 0.04398148148148148
0 0.2545572916666667 0.5347222222222222 0.029947916666666668 0.041666666666666664
0 0.2740885416666667 0.3368055555555556 0.032552083333333336 0.04861111111111111
0 0.4908854166666667 0.9652777777777778 0.010416666666666666 0.05555555555555555
0 0.47265625 0.9699074074074074 0.015625 0.05092592592592592