0 0.6087239583333334 0.05555555555555555 0.022135416666666668 0.06018518518518518
0 0.6263020833333334 0.06481481481481481 0.018229166666666668 0.06944444444444445
0 0.7102864583333334 0.19560185185185186 0.02734375 0.04398148148148148
0 0.755859375 0.42592592592592593 0.02734375 0.046296296296296294
0 0.751953125 0.6238425925925926 0.03515625 0.03009259259259259
0 0.6985677083333334 0.7986111111111112 0.024739583333333332 0.05092592592592592
0 0.6087239583333334 0.9259259259259259 0.022135416666666668 0.05092592592592592
0 0.4811197916666667 0.9710648148148148 0.02734375 0.04861111111111111
0 0.3645833333333333 0.8784722222222222 0.03125 0.05324074074074074
0 0.3177083333333333 0.8090277777777778 0.026041666666666668 0.05787037037037037
0 0.259765625 0.5902777777777778 0.029947916666666668 0.05555555555555555
0 0.2649739583333333 0.3888888888888889 0.040364583333333336 0.046296296296296294
0 0.3170572916666667 0.19675925925925927 0.048177083333333336 0.037037037037037035
0 0.3990885416666667 0.06481481481481481 0.024739583333333332 0.05092592592592592