0 0.5533854166666666 0.032407407407407406 0.033854166666666664 0.041666666666666664
0 0.4264322916666667 0.05787037037037037 0.037760416666666664 0.05092592592592592
0 0.3365885416666667 0.16666666666666666 0.040364583333333336 0.041666666666666664
0 0.2701822916666667 0.38078703703703703 0.032552083333333336 0.034722222222222224
0 0.263671875 0.48726851851851855 0.032552083333333336 0.03009259259259259
0 0.2805989583333333 0.6990740740740741 0.01953125 0.06018518518518518
0 0.3626302083333333 0.8807870370370371 0.01953125 0.05787037037037037
0 0.4694010416666667 0.9641203703703703 0.022135416666666668 0.05787037037037037
0 0.5794270833333334 0.9571759259259259 0.033854166666666664 0.04861111111111111
0 0.6731770833333334 0.8611111111111112 0.033854166666666664 0.05092592592592592
0 0.7473958333333334 0.6574074074074074 0.020833333333333332 0.06481481481481481
0 0.7662760416666666 0.43171296296296297 0.040364583333333336 0.03935185185185185
0 0.7643229166666666 0.46412037037037035 0.033854166666666664 0.03009259259259259
0 0.6608072916666666 0.09722222222222222 0.024739583333333332 0.06018518518518518