0 0.578125 0.04282407407407408 0.010416666666666666 0.07175925925925926
0 0.5930989583333334 0.046296296296296294 0.009114583333333334 0.06944444444444445
0 0.6861979166666666 0.14467592592592593 0.018229166666666668 0.05787037037037037
0 0.7506510416666666 0.3645833333333333 0.01953125 0.05324074074074074
0 0.751953125 0.5636574074074074 0.032552083333333336 0.02546296296296296
0 0.7213541666666666 0.7557870370370371 0.036458333333333336 0.03935185185185185
0 0.6380208333333334 0.90625 0.036458333333333336 0.04861111111111111
0 0.5123697916666666 0.9722222222222222 0.024739583333333332 0.05092592592592592
0 0.3873697916666667 0.9155092592592593 0.01953125 0.06712962962962964
0 0.3430989583333333 0.8553240740740741 0.032552083333333336 0.0625
0 0.2669270833333333 0.6469907407407407 0.026041666666666668 0.0625
0 0.2584635416666667 0.45023148148148145 0.03515625 0.03935185185185185
0 0.2936197916666667 0.2361111111111111 0.01953125 0.06481481481481481
0 0.3717447916666667 0.10185185185185185 0.03515625 0.041666666666666664