0 0.2936197916666667 0.2569444444444444 0.024739583333333332 0.05555555555555555
0 0.2604166666666667 0.4513888888888889 0.028645833333333332 0.05555555555555555
0 0.26953125 0.6481481481481481 0.028645833333333332 0.041666666666666664
0 0.3209635416666667 0.8136574074074074 0.024739583333333332 0.04861111111111111
0 0.4296875 0.9479166666666666 0.026041666666666668 0.04861111111111111
0 0.72265625 0.7488425925925926 0.026041666666666668 0.03009259259259259
0 0.759765625 0.5601851851851852 0.01953125 0.037037037037037035
0 0.7428385416666666 0.3298611111111111 0.022135416666666668 0.0625
0 0.6829427083333334 0.15393518518518517 0.03515625 0.05787037037037037
0 0.5677083333333334 0.03587962962962963 0.0390625 0.03935185185185185
0 0.5006510416666666 0.027777777777777776 0.032552083333333336 0.05092592592592592
0 0.3802083333333333 0.08101851851851852 0.03125 0.05092592592592592
0 0.5345052083333334 0.9675925925925926 0.024739583333333332 0.046296296296296294
0 0.5520833333333334 0.9560185185185185 0.018229166666666668 0.06018518518518518