0 0.451171875 0.04282407407407408 0.014322916666666666 0.05324074074074074
0 0.3580729166666667 0.125 0.018229166666666668 0.05092592592592592
0 0.28125 0.3113425925925926 0.020833333333333332 0.04861111111111111
0 0.26171875 0.5150462962962963 0.020833333333333332 0.016203703703703703
0 0.2630208333333333 0.5347222222222222 0.013020833333333334 0.023148148148148147
0 0.3411458333333333 0.8692129629629629 0.015625 0.05324074074074074
0 0.4407552083333333 0.9606481481481481 0.01953125 0.046296296296296294
0 0.5631510416666666 0.9583333333333334 0.01171875 0.05555555555555555
0 0.6666666666666666 0.8645833333333334 0.018229166666666668 0.05324074074074074
0 0.7428385416666666 0.6527777777777778 0.02734375 0.06018518518518518
0 0.755859375 0.5613425925925926 0.022135416666666668 0.034722222222222224
0 0.748046875 0.32523148148148145 0.02734375 0.03009259259259259
0 0.6666666666666666 0.12731481481481483 0.020833333333333332 0.05555555555555555
0 0.5631510416666666 0.03819444444444445 0.029947916666666668 0.04861111111111111