0 0.2786458333333333 0.30671296296296297 0.033854166666666664 0.05787037037037037
0 0.2565104166666667 0.5416666666666666 0.036458333333333336 0.046296296296296294
0 0.2630208333333333 0.65625 0.028645833333333332 0.05324074074074074
0 0.3333333333333333 0.8518518518518519 0.0234375 0.06018518518518518
0 0.4479166666666667 0.9583333333333334 0.020833333333333332 0.046296296296296294
0 0.5631510416666666 0.9594907407407407 0.024739583333333332 0.05324074074074074
0 0.6647135416666666 0.8703703703703703 0.02734375 0.05092592592592592
0 0.7356770833333334 0.7222222222222222 0.036458333333333336 0.041666666666666664
0 0.7610677083333334 0.4826388888888889 0.029947916666666668 0.04861111111111111
0 0.740234375 0.28587962962962965 0.024739583333333332 0.03935185185185185
0 0.734375 0.25925925925925924 0.033854166666666664 0.037037037037037035
0 0.5618489583333334 0.03009259259259259 0.02734375 0.05555555555555555
0 0.4518229166666667 0.03935185185185185 0.020833333333333332 0.046296296296296294
0 0.3463541666666667 0.1423611111111111 0.026041666666666668 0.05787037037037037