0 0.43359375 0.04282407407407408 0.028645833333333332 0.05787037037037037
0 0.6412760416666666 0.08796296296296297 0.016927083333333332 0.06018518518518518
0 0.65625 0.10416666666666667 0.028645833333333332 0.046296296296296294
0 0.7311197916666666 0.24768518518518517 0.029947916666666668 0.05092592592592592
0 0.7604166666666666 0.4861111111111111 0.03125 0.05092592592592592
0 0.7421875 0.6793981481481481 0.028645833333333332 0.04398148148148148
0 0.6803385416666666 0.8472222222222222 0.01953125 0.06018518518518518
0 0.5833333333333334 0.9513888888888888 0.0390625 0.05555555555555555
0 0.4479166666666667 0.9560185185185185 0.018229166666666668 0.05555555555555555
0 0.3424479166666667 0.8472222222222222 0.033854166666666664 0.05555555555555555
0 0.3014322916666667 0.7615740740740741 0.03515625 0.06018518518518518
0 0.2578125 0.5335648148148148 0.046875 0.0625
0 0.2734375 0.33101851851851855 0.028645833333333332 0.06944444444444445
0 0.3391927083333333 0.1550925925925926 0.03515625 0.041666666666666664