0 0.4361979166666667 0.04282407407407408 0.03125 0.04861111111111111
0 0.57421875 0.03819444444444445 0.028645833333333332 0.0625
0 0.6692708333333334 0.12731481481481483 0.018229166666666668 0.06018518518518518
0 0.7356770833333334 0.28587962962962965 0.028645833333333332 0.05787037037037037
0 0.7552083333333334 0.5069444444444444 0.03125 0.037037037037037035
0 0.73046875 0.7314814814814815 0.028645833333333332 0.06018518518518518
0 0.6393229166666666 0.9027777777777778 0.033854166666666664 0.046296296296296294
0 0.5865885416666666 0.9537037037037037 0.04296875 0.041666666666666664
0 0.453125 0.9618055555555556 0.026041666666666668 0.05324074074074074
0 0.3541666666666667 0.8692129629629629 0.028645833333333332 0.07175925925925926
0 0.2747395833333333 0.7002314814814815 0.046875 0.0625
0 0.2591145833333333 0.5023148148148148 0.026041666666666668 0.05555555555555555
0 0.3391927083333333 0.15856481481481483 0.01953125 0.04398148148148148
0 0.3489583333333333 0.125 0.028645833333333332 0.046296296296296294