0 0.294921875 0.25462962962962965 0.01953125 0.05092592592592592
0 0.259765625 0.4930555555555556 0.02734375 0.041666666666666664
0 0.2610677083333333 0.6053240740740741 0.040364583333333336 0.03009259259259259
0 0.3151041666666667 0.8067129629629629 0.028645833333333332 0.04398148148148148
0 0.421875 0.9421296296296297 0.03125 0.041666666666666664
0 0.5345052083333334 0.9618055555555556 0.029947916666666668 0.04861111111111111
0 0.6341145833333334 0.9050925925925926 0.036458333333333336 0.05092592592592592
0 0.7180989583333334 0.7604166666666666 0.02734375 0.04861111111111111
0 0.7545572916666666 0.5416666666666666 0.037760416666666664 0.037037037037037035
0 0.3697916666666667 0.10648148148148148 0.036458333333333336 0.041666666666666664
0 0.4850260416666667 0.024305555555555556 0.032552083333333336 0.04398148148148148
0 0.5950520833333334 0.041666666666666664 0.03125 0.05092592592592592
0 0.7473958333333334 0.33564814814814814 0.049479166666666664 0.013888888888888888
0 0.7486979166666666 0.3125 0.044270833333333336 0.037037037037037035