0 0.30859375 0.20717592592592593 0.026041666666666668 0.05324074074074074
0 0.408203125 0.06365740740740741 0.032552083333333336 0.03935185185185185
0 0.5377604166666666 0.032407407407407406 0.018229166666666668 0.05555555555555555
0 0.5970052083333334 0.05787037037037037 0.022135416666666668 0.06018518518518518
0 0.7096354166666666 0.2048611111111111 0.03125 0.05324074074074074
0 0.7571614583333334 0.3888888888888889 0.03515625 0.032407407407407406
0 0.75390625 0.6122685185185185 0.018229166666666668 0.03935185185185185
0 0.70703125 0.7974537037037037 0.036458333333333336 0.05324074074074074
0 0.4016927083333333 0.9282407407407407 0.032552083333333336 0.046296296296296294
0 0.30078125 0.7708333333333334 0.036458333333333336 0.06018518518518518
0 0.2591145833333333 0.59375 0.028645833333333332 0.04398148148148148
0 0.2630208333333333 0.3958333333333333 0.041666666666666664 0.041666666666666664
0 0.5084635416666666 0.9780092592592593 0.016927083333333332 0.03935185185185185
0 0.521484375 0.96875 0.016927083333333332 0.05324074074074074