0 0.5032552083333334 0.02546296296296296 0.01953125 0.041666666666666664
0 0.638671875 0.09375 0.014322916666666666 0.03935185185185185
0 0.7135416666666666 0.22916666666666666 0.018229166666666668 0.046296296296296294
0 0.751953125 0.4166666666666667 0.029947916666666668 0.046296296296296294
0 0.7532552083333334 0.625 0.024739583333333332 0.037037037037037035
0 0.69140625 0.8321759259259259 0.03125 0.05787037037037037
0 0.5833333333333334 0.9490740740740741 0.0234375 0.06018518518518518
0 0.5234375 0.9722222222222222 0.03125 0.046296296296296294
0 0.3919270833333333 0.9189814814814815 0.015625 0.07407407407407407
0 0.3079427083333333 0.7939814814814815 0.03515625 0.041666666666666664
0 0.2623697916666667 0.5844907407407407 0.01953125 0.03935185185185185
0 0.2662760416666667 0.39351851851851855 0.024739583333333332 0.027777777777777776
0 0.3958333333333333 0.07060185185185185 0.010416666666666666 0.05787037037037037
0 0.390625 0.09606481481481481 0.013020833333333334 0.06712962962962964